name = 201920032
ra = 174.1069167
dec = 7.753111111
rprs = 0.026775081438699239
period = 28.2667075
photfile = transit4.txt
[constraints]
maxrad = 15.0
secthresh = 0.0001
ccfiles = KeckII_K.cc
